0
0.000998485
0.000999143
0.000999727
0.001000268
0.001000757
0.001001207
0.001001612
0.001001966
0.001002269
0.001002537
0.001002757
0.001002925
0.001003053
0.00100314
0.001003195
0.001003243
0.001003288
0.001003316
0.001003334
0.001003311
0.001003195
0.001002974
0.00100263
0.001002125
0.001001546
0.001001034
0.001000775
0.001000968
0.001001736
0.001003126
0.001004969
0.001006837
0.001008275
0.001008884
0.001008467
0.001007064
0.001004826
0.001001962
0.00099865
0.000994947
0.000990768
0.000986284
0.000982408
0.000980725
0.000982834
0.000989833
0.001002072
0.001018763
0.001036439
0.001049005
0.001049978
0.001034772
0.001001901
0.000952856
0.00089395
0.000839208
0.000806682
0.000810673
0.00085355
0.000924317
0.001004637
0.001077027
0.00113208
0.001170677
0.001201441
0.001236175
0.001285158
0.001351789
0.001424511
0.001478934
0.001492289
0.001458842
0.001391532
0.001313541
0.001247971
0.001209837
0.001201377
0.001207231
0.001198604
0.001145476
0.001027625
0.000839324
0.000586176
0.000282181
-4.51E-05
-0.000359694
-0.000631371
-0.000852161
-0.001045873
-0.001256684
-0.001529201
-0.001887019
-0.002304734
-0.002710853
-0.003022777
-0.003181256
-0.003168196
-0.003005768
-0.002741704
-0.002433656
-0.002157644
-0.00200661
-0.002059245
-0.002351821
-0.002871182
-0.003566987
-0.004375908
-0.005243647
-0.00613758
-0.007045957
-0.007942097
-0.008751578
-0.009380284
-0.009757031
-0.009839352
-0.009599627
-0.009051311
-0.008289629
-0.007463323
-0.006631296
-0.005599138
-0.003998847
-0.001480608
0.002104651
0.006441858
0.01073136
0.01405164
0.01574316
0.01560837
0.01389871
0.01115053
0.007972554
0.004873962
0.002151616
-0.00013829
-0.002129207
-0.0040471
-0.006111164
-0.008466249
-0.0111831
-0.01429835
-0.0178221
-0.02173391
-0.025988
-0.03052666
-0.03529607
-0.04024234
-0.04511026
-0.0492384
-0.05181498
-0.05226085
-0.0504497
-0.04676397
-0.04214105
-0.03782293
-0.03487166
-0.03376956
-0.03432991
-0.03590835
-0.03773548
-0.03929273
-0.04053747
-0.04179572
-0.04351467
-0.04597071
-0.04822585
-0.04722239
-0.03905977
-0.02088047
0.007422265
0.0418162
0.07557211
0.1022771
0.1181551
0.1228656
0.1189102
0.110235
0.1007692
0.09350474
0.09001981
0.09040727
0.09364355
0.09820819
0.1026936
0.1061867
0.10815
0.1081359
0.1058582
0.1013292
0.0948708
0.08700394
0.0782885
0.06917191
0.05982828
0.05009135
0.03961731
0.02810368
0.01542745
0.001676263
-0.01290931
-0.02803272
-0.04343565
-0.05895971
-0.07456021
-0.09027777
-0.1061945
-0.1223924
-0.1389258
-0.1558083
-0.1730081
-0.190314
-0.2072086
-0.2230842
-0.2375366
-0.2505177
-0.2622213
-0.2722286
-0.2790356
-0.2807955
-0.2754833
-0.2604858
-0.2300973
-0.1746219
-0.0905135
0.01098103
0.1091615
0.1840826
0.2241068
0.2284235
0.2051178
0.1667332
0.1255183
0.08999933
0.06366676
0.04576021
0.03306671
0.02175405
0.008793709
-0.007299855
-0.02644629
-0.04749408
-0.06892697
-0.08949063
-0.1085536
-0.1261528
-0.1413998
-0.1455868
-0.1225084
-0.06291401
0.02415032
0.1166072
0.1909467
0.2315141
0.2344081
0.2062203
0.1595832
0.107909
0.06127858
0.02475118
0.001291974
-0.004778083
0.01062608
0.04705354
0.09627312
0.1454772
0.1829322
0.2019935
0.2022492
0.1882208
0.1667793
0.1444846
0.1257495
0.1121925
0.1030395
0.0961503
0.0891665
0.08038634
0.06915877
0.05581447
0.04128737
0.02664234
0.0126944
9.41E-05
-0.009693134
-0.01443757
-0.01230359
-0.002745324
0.01332052
0.03392306
0.05623031
0.07637095
0.09053314
0.0964021
0.0938115
0.08446871
0.07109157
0.05640145
0.04231167
0.02960797
0.01811479
0.007116276
-0.004191254
-0.01636579
-0.0295653
-0.04294036
-0.0530318
-0.05466601
-0.04438499
-0.02399393
9.74E-05
0.02029929
0.03099091
0.03010393
0.01903349
0.00139037
-0.01865812
-0.03776159
-0.05412027
-0.06753222
-0.07893669
-0.08973422
-0.1011658
-0.113254
-0.1215562
-0.1185612
-0.1015522
-0.07529436
-0.04869232
-0.03028501
-0.02512028
-0.0337567
-0.05308201
-0.07813534
-0.1040452
-0.1274221
-0.1469117
-0.1621
-0.1663521
-0.1450754
-0.09158837
-0.01601605
0.06123374
0.1199436
0.1477229
0.1426845
0.1117507
0.0664626
0.018399
-0.02337488
-0.04907312
-0.04767803
-0.01591121
0.03696367
0.09434574
0.1401611
0.1645234
0.1656495
0.1484876
0.1214884
0.09311664
0.06931416
0.05246065
0.04174428
0.03449195
0.02893204
0.02645026
0.02855774
0.03441576
0.04136329
0.04640166
0.04742036
0.0437496
0.03605753
0.02581295
0.0145541
0.003348672
-0.007356811
-0.01762624
-0.02780336
-0.03812352
-0.04769856
-0.05430041
-0.05554162
-0.05005347
-0.03797873
-0.02097424
-0.002552954
0.01265064
0.02074215
0.01993254
0.01081892
-0.004253682
-0.0223144
-0.04081116
-0.05819315
-0.07400818
-0.08864156
-0.1028841
-0.1175117
-0.1329256
-0.1475362
-0.1559171
-0.1511267
-0.1291037
-0.09297961
-0.0521221
-0.01733735
0.003534534
0.008173074
0.00064691
-0.01084608
-0.01842302
-0.01848931
-0.0122587
-0.00383583
0.002213909
0.002704475
-0.003358151
-0.01494326
-0.0297985
-0.04546231
-0.06011354
-0.07295503
-0.08413736
-0.09440144
-0.1046426
-0.1155579
-0.1274838
-0.1404158
-0.1540785
-0.1677608
-0.1801803
-0.189993
-0.1963983
-0.1994004
-0.1994658
-0.1966841
-0.1906562
-0.1792034
-0.1542715
-0.1084377
-0.0457521
0.01982576
0.07226228
0.1003286
0.10124
0.08214542
0.05714407
0.04085623
0.04307268
0.06649546
0.1074588
0.157586
0.2052952
0.239629
0.2540905
0.2481389
0.2262328
0.1954049
0.1625935
0.1326748
0.1075008
0.08612993
0.06605513
0.04462445
0.02008006
-0.00802978
-0.03900463
-0.07149714
-0.1040143
-0.1332964
-0.151158
-0.1475523
-0.1188059
-0.07256687
-0.02358765
0.01349669
0.02955435
0.02290528
-0.001823177
-0.03663509
-0.07341448
-0.106339
-0.1329177
-0.1537026
-0.17114
-0.1881613
-0.2057989
-0.216801
-0.2058071
-0.1601943
-0.08278799
0.008732129
0.09177564
0.1485923
0.1716037
0.163702
0.1349327
0.09792705
0.06576984
0.05081783
0.06072623
0.09358697
0.1383354
0.1806199
0.2088588
0.217695
0.2083366
0.1865846
0.1598832
0.1346293
0.1145536
0.1003846
0.09055858
0.08244966
0.07406679
0.06621824
0.06223534
0.06569565
0.07758091
0.09511924
0.1134036
0.1277274
0.1352294
0.1352027
0.1283694
0.1162649
0.1007448
0.08353221
0.06589259
0.04850388
0.03251674
0.02471063
0.0333293
0.05835039
0.09161189
0.1219227
0.1401215
0.1419524
0.1284062
0.1041916
0.07539165
0.04730475
0.02311504
0.003588215
-0.01239542
-0.02688119
-0.04167843
-0.05661313
-0.06910465
-0.07578333
-0.07425546
-0.06404499
-0.0467884
-0.02656678
-0.008934334
0.001310435
0.001774726
-0.007133414
-0.0228875
-0.04206464
-0.06154595
-0.07929605
-0.094592
-0.1078084
-0.1199392
-0.1320698
-0.1449715
-0.1583603
-0.1693925
-0.1734491
-0.1665861
-0.1474108
-0.1176021
-0.08212855
-0.04826416
-0.02275265
-0.009429096
-0.008429203
-0.01687745
-0.03007973
-0.04241163
-0.04890109
-0.04675836
-0.03590604
-0.01885435
-9.25E-05
0.01566813
0.0253804
0.0286141
0.0271311
0.02371712
0.02084612
0.01965203
0.01986007
0.02036464
0.01987274
0.0172217
0.0116476
0.003018956
-0.008171
-0.02101137
-0.03398993
-0.04445196
-0.04942866
-0.04696716
-0.03680478
-0.02009782
0.000480651
0.02028905
0.03426187
0.03893693
0.03349834
0.01982014
0.002465
-0.01257524
-0.02028194
-0.01881622
-0.01034896
0.000461105
0.008790863
0.01142438
0.007468906
-0.001916596
-0.01439983
-0.0274907
-0.03893833
-0.04607626
-0.0466361
-0.04013086
-0.02794101
-0.01276599
0.001855385
0.01261171
0.01752676
0.01639674
0.01057328
0.002622589
-0.004395725
-0.008023311
-0.007233895
-0.002815545
0.003154646
0.008361865
0.01113858
0.01088203
0.007992683
0.003495739
-0.001365175
-0.0051011
-0.006111445
-0.003268663
0.003674529
0.01403057
0.02592183
0.03636598
0.04259962
0.04346766
0.03967049
0.03310957
0.02596583
0.01993878
0.01585478
0.01361607
0.01210746
0.009511616
0.004880695
-0.000675778
-0.004752976
-0.005371557
-0.002409304
0.002588827
0.007610177
0.01121888
0.01291808
0.01303061
0.01233885
0.01160871
0.0111217
0.01063919
0.009678089
0.007790499
0.004664634
0.000168052
-0.005609232
-0.01238735
-0.01991452
-0.0283458
-0.03817007
-0.04967757
-0.06140242
-0.06954481
-0.06983794
-0.05961668
-0.03944249
-0.01395447
0.01005172
0.0266048
0.03258375
0.02820086
0.01627028
0.001381713
-0.01113559
-0.01699709
-0.01425286
-0.003485101
0.01281807
0.03071023
0.0455778
0.05375842
0.0537
0.04611532
0.03331542
0.01824656
0.003603595
-0.008856194
-0.01857641
-0.02598177
-0.03150086
-0.03458706
-0.03407685
-0.02902292
-0.01928483
-0.006140205
0.007509234
0.0183188
0.02413211
0.02487955
0.02219226
0.0183392
0.01502124
0.0128161
0.01136239
0.009847169
0.007494673
0.003874749
-0.001012279
-0.006825392
-0.01305799
-0.01901639
-0.02361121
-0.02568621
-0.02453797
-0.02018971
-0.01365841
-0.007215483
-0.00358442
-0.004781801
-0.01144695
-0.0226008
-0.0352979
-0.04546243
-0.04962835
-0.04632084
-0.03663189
-0.02348532
-0.01022902
0.000516886
0.00701324
0.008646587
0.006243
0.001491553
-0.004025379
-0.009376002
-0.01432217
-0.01910593
-0.0241565
-0.02983943
-0.03629896
-0.04320417
-0.04952652
-0.05397183
-0.05559744
-0.05416847
-0.05038617
-0.04612165
-0.04377853
-0.04526174
-0.05100228
-0.05849197
-0.06367649
-0.06399294
-0.05925416
-0.05061246
-0.039164
-0.02569518
-0.01128233
0.002603405
0.01462217
0.02403897
0.03083472
0.03544967
0.03850341
0.04061371
0.04226654
0.04369687
0.04487964
0.04565953
0.04580532
0.04442923
0.0397432
0.03017806
0.01658617
0.002810134
-0.006312967
-0.007180514
0.001321658
0.01716665
0.03544808
0.05055318
0.05868346
0.05900023
0.05321396
0.04440244
0.03571212
0.02935902
0.02619026
0.02580578
0.02704383
0.02857273
0.02938142
0.02912066
0.02813651
0.0271529
0.02687947
0.02766302
0.02913708
0.03033968
0.03022786
0.0281018
0.02370118
0.01716473
0.00894565
-0.000339856
-0.01003197
-0.01929665
-0.02719268
-0.03302485
-0.03659097
-0.03819299
-0.03843891
-0.03795654
-0.03721294
-0.03645957
-0.03575912
-0.03502942
-0.03400033
-0.03227787
-0.02955649
-0.02594336
-0.02214476
-0.01913942
-0.01771989
-0.01820895
-0.02023641
-0.01986511
-0.009818542
0.01338334
0.04748721
0.08612168
0.1212468
0.1461945
0.1577933
0.1567746
0.1467345
0.1323852
0.117847
0.1056169
0.09636686
0.08936107
0.08318142
0.07644136
0.06826944
0.05847505
0.04743483
0.03581967
0.02439657
0.01426675
0.006771487
0.002907116
0.002904205
0.006018573
0.0103159
0.0132608
0.01276006
0.007925594
-0.000314162
-0.009372599
-0.01637303
-0.02007743
-0.02163405
-0.02358202
-0.02843646
-0.03768387
-0.05144352
-0.06876108
-0.08820241
-0.108382
-0.128311
-0.1467085
-0.1572937
-0.1482054
-0.1122254
-0.05519534
0.007485554
0.05903881
0.08797985
0.09117454
0.07456189
0.05099161
0.0337123
0.02974326
0.03839216
0.053769
0.06851919
0.07736239
0.07898536
0.07496483
0.06713366
0.05645425
0.04316974
0.02718365
0.008104161
-0.01458872
-0.04113034
-0.07122266
-0.1034736
-0.1328631
-0.1511081
-0.1515217
-0.1341438
-0.1056534
-0.07539602
-0.05066979
-0.03423585
-0.0246939
-0.01828799
-0.01094309
0.000222725
0.01623383
0.03637406
0.05860737
0.08024786
0.09890256
0.1124573
0.1187821
0.1164826
0.1055843
0.08755695
0.06477265
0.0397472
0.01448518
-0.01001109
-0.0340597
-0.05887751
-0.08566638
-0.1125598
-0.1305369
-0.128824
-0.1048537
-0.06582612
-0.02388116
0.009612478
0.02789104
0.02994994
0.01945164
0.002362757
-0.01589655
-0.0324514
-0.04695616
-0.05900484
-0.06544705
-0.06169149
-0.0447557
-0.01697225
0.01395082
0.03884501
0.05130219
0.04997133
0.03799827
0.02085764
0.003979541
-0.009056564
-0.01749385
-0.02297631
-0.02809923
-0.03487339
-0.04404284
-0.05518908
-0.06712231
-0.07787611
-0.08504379
-0.08676536
-0.0823438
-0.07210593
-0.05717044
-0.03981675
-0.02345104
-0.01061336
-0.001390165
0.006120872
0.0141677
0.02302158
0.03055927
0.03378926
0.03047569
0.02001306
0.003443112
-0.01686899
-0.03616584
-0.04823342
-0.04941021
-0.04025324
-0.02489055
-0.008866396
0.003368944
0.01014551
0.01249059
0.01295956
0.01427384
0.01813926
0.0243386
0.03103676
0.03593331
0.0373172
0.0346026
0.02813486
0.01855785
0.006535259
-0.007312541
-0.02244805
-0.03844274
-0.05498236
-0.07184092
-0.0882765
-0.1017608
-0.1086874
-0.106094
-0.09273268
-0.06940235
-0.038946
-0.00676818
0.02040888
0.03729687
0.04289387
0.04139506
0.03972635
0.04384004
0.05501249
0.0695147
0.081382
0.08545322
0.07923944
0.06330628
0.0406472
0.01560274
-0.007664969
-0.02644976
-0.03991447
-0.0481506
-0.05117158
-0.04899855
-0.04203813
-0.03145167
-0.01906636
-0.006766565
0.004088491
0.01291219
0.01957038
0.02394277
0.02601778
0.02643534
0.02660575
0.02810545
0.03203906
0.03872563
0.04774706
0.05812117
0.06800454
0.07487221
0.07657252
0.07218436
0.06221887
0.04823555
0.03216005
0.01596639
0.001976983
-0.007681692
-0.01204953
-0.01160679
-0.007867286
-0.00270755
0.002560547
0.008432791
0.01519058
0.0214597
0.02501798
0.02401385
0.01772753
0.006691385
-0.007675358
-0.02361056
-0.03941737
-0.05367179
-0.06461756
-0.07002512
-0.06816479
-0.05862084
-0.04242485
-0.02161127
0.001155655
0.02230889
0.03813075
0.04614319
0.04587563
0.03873136
0.02722813
0.01404801
0.001268725
-0.01002088
-0.0196789
-0.02766181
-0.03272409
-0.03279528
-0.02626768
-0.01319139
0.004530824
0.0240557
0.04259099
0.05769599
0.06763323
0.07183131
0.07094486
0.06648287
0.0602293
0.05370798
0.04785793
0.04297105
0.03883798
0.03504541
0.03168485
0.02980894
0.03079139
0.03533107
0.04305337
0.05289568
0.06408841
0.07635804
0.0886464
0.0988271
0.1047298
0.1051244
0.1001025
0.09091134
0.07951923
0.06797661
0.05780301
0.04966846
0.04343006
0.03838947
0.03353267
0.02782043
0.02054084
0.01149673
0.000972094
-0.01046096
-0.02217892
-0.03365394
-0.0444716
-0.05438947
-0.06338808
-0.07164222
-0.07943363
-0.08704134
-0.09455117
-0.1017206
-0.1081399
-0.1134797
-0.1176447
-0.1207923
-0.123252
-0.125451
-0.1280774
-0.1320622
-0.1381977
-0.1468293
-0.1577696
-0.1704097
-0.1833953
-0.1929123
-0.1932561
-0.1797506
-0.1514839
-0.1117431
-0.06620346
-0.02076179
0.0191802
0.04926276
0.0673482
0.07411432
0.07311183
0.0697002
0.06899865
0.07424002
0.08596668
0.1016879
0.1169967
0.1276577
0.1311943
0.1274284
0.118064
0.1057415
0.09314727
0.08271389
0.07624946
0.07440755
0.07651612
0.08099569
0.0859917
0.08997385
0.09212634
0.09241419
0.09139924
0.08990716
0.08868629
0.0881732
0.08826533
0.08788444
0.08472763
0.07621121
0.06079151
0.03926315
0.01515994
-0.006904356
-0.02361186
-0.0342244
-0.04017528
-0.04320713
-0.04373148
-0.04143598
-0.03705111
-0.03257729
-0.03029167
-0.03177414
-0.03732146
-0.04544155
-0.05329276
-0.05801634
-0.05784901
-0.05255416
-0.04321966
-0.03204796
-0.02218283
-0.01663327
-0.01711467
-0.02306617
-0.03144587
-0.03850552
-0.04198768
-0.04176101
-0.03922028
-0.0359338
-0.03243764
-0.02844436
-0.02370859
-0.01834996
-0.01274117
-0.007094123
-0.001218284
0.004631056
0.009572146
0.01260542
0.01311117
0.01107003
0.007001252
0.001880546
-0.00270456
-0.004947934
-0.003554816
0.001823091
0.0105241
0.0206457
0.02927998
0.03369592
0.03238099
0.02535577
0.01376364
-0.000640019
-0.01565126
-0.02906518
-0.03929877
-0.04571978
-0.04864728
-0.04902676
-0.04799646
-0.04654021
-0.045212
-0.04355851
-0.0403224
-0.03505246
-0.02862732
-0.0226533
-0.01875742
-0.01803709
-0.02075227
-0.02636635
-0.03381924
-0.04175503
-0.04882363
-0.05409235
-0.05742011
-0.05972703
-0.06236732
-0.06610076
-0.07085979
-0.07627931
-0.08163706
-0.08458539
-0.08174871
-0.07098439
-0.05305552
-0.03107916
-0.008901913
0.01032833
0.02487228
0.03455195
0.04035429
0.04352319
0.04489596
0.04480815
0.04331597
0.04051853
0.03672357
0.03206749
0.02551431
0.01528998
0.001687197
-0.01140097
-0.0185224
-0.01562109
-0.002971711
0.01444689
0.02971643
0.03708965
0.03385246
0.0206072
0.000688247
-0.01971138
-0.03294863
-0.03298758
-0.01750151
0.01115105
0.04516594
0.07392311
0.08862476
0.08595201
0.06863054
0.04317938
0.01717629
-0.00264545
-0.01209713
-0.01048831
-0.000227756
0.01452533
0.02916073
0.03991031
0.04489778
0.04439622
0.04022648
0.03468684
0.02943214
0.0250238
0.02125206
0.01778864
0.0144636
0.01100928
0.006822127
0.001363127
-0.005398399
-0.01301169
-0.02103155
-0.03003982
-0.04164787
-0.05662761
-0.07214798
-0.08256938
-0.08246613
-0.06899705
-0.04266988
-0.006752182
0.03316961
0.06978983
0.09653593
0.1098516
0.1099408
0.1000033
0.08464097
0.06820697
0.05366204
0.04216669
0.03338062
0.02623741
0.01962548
0.01276434
0.005194362
-0.003584688
-0.01389178
-0.02399843
-0.02936334
-0.02546539
-0.01151542
0.009117336
0.03109014
0.04975496
0.06272575
0.06956972
0.07075189
0.06720122
0.06010554
0.05035087
0.03758219
0.02078158
-5.01E-05
-0.02347871
-0.04736886
-0.06980207
-0.08973883
-0.1070357
-0.1212817
-0.1311753
-0.1352971
-0.1327032
-0.122664
-0.1050293
-0.08127832
-0.05437251
-0.02751863
-0.003571959
0.01465948
0.0249946
0.02670831
0.02073999
0.009245763
-0.005187725
-0.0202845
-0.03406254
-0.04389431
-0.04699421
-0.04214739
-0.03066757
-0.01517731
0.001128863
0.01482566
0.0232871
0.02546682
0.02199963
0.01500813
0.007623289
0.002837969
0.002413168
0.006425575
0.01361637
0.02224451
0.03099574
0.03933096
0.04736279
0.05547213
0.06327887
0.06897891
0.07029305
0.06595389
0.05646848
0.04370122
0.02996437
0.0172047
0.006697431
-0.000952836
-0.005812052
-0.008480716
-0.009865627
-0.01117413
-0.01381124
-0.01868496
-0.02462065
-0.02809062
-0.02508167
-0.0130456
0.007320527
0.03115125
0.05158843
0.06289675
0.06253162
0.05148481
0.0332217
0.01204155
-0.008337715
-0.02499227
-0.03553804
-0.03865331
-0.03448645
-0.02449236
-0.01084742
0.003865424
0.01636206
0.02340451
0.02301822
0.01513123
0.001390712
-0.01564729
-0.03346303
-0.05011794
-0.06367466
-0.07193926
-0.0732958
-0.067393
-0.05506879
-0.03796137
-0.01861725
-9.87E-05
0.01505079
0.02543554
0.03073834
0.03152262
0.02893759
0.02428283
0.01861944
0.01238538
0.005368144
-0.00222198
-0.008870258
-0.01244347
-0.01128106
-0.00485673
0.006160264
0.02008807
0.03409219
0.04484089
0.0498043
0.0480864
0.0404726
0.02887662
0.0155576
0.002809604
-0.006805811
-0.01111186
-0.009745608
-0.004831032
0.000156995
0.002016295
-0.001067355
-0.009202149
-0.02114298
-0.03481448
-0.04752962
-0.05669686
-0.06073021
-0.0594654
-0.05399039
-0.04636789
-0.03935135
-0.0354804
-0.0362149
-0.04162614
-0.05052422
-0.06010492
-0.06619966
-0.0649935
-0.05458876
-0.03576841
-0.01155373
0.01421019
0.03807973
0.05694559
0.06819984
0.07059143
0.06471238
0.05285483
0.03814532
0.02346001
0.01068427
0.000901945
-0.004846044
-0.005696971
-0.0014209
0.007412911
0.01953755
0.03274691
0.04403729
0.05072235
0.05141189
0.04630639
0.03685356
0.02506337
0.01281732
0.001614156
-0.00711727
-0.0121841
-0.0130624
-0.01006409
-0.004226213
0.002995875
0.01038335
0.01746971
0.02421158
0.02993551
0.03325156
0.03282047
0.02801938
0.01920449
0.007537933
-0.005488645
-0.0185126
-0.03045634
-0.04061909
-0.04879056
-0.05506602
-0.05912127
-0.0601038
-0.05720928
-0.04988912
-0.03736179
-0.01882199
0.005503278
0.03253608
0.05680365
0.07299116
0.07813194
0.07239547
0.05848169
0.04027115
0.02142362
0.004408778
-0.009823529
-0.0212026
-0.02908712
-0.03239487
-0.03122821
-0.02739543
-0.02349901
-0.02173301
-0.02283527
-0.0259421
-0.02933647
-0.03136014
-0.03113396
-0.02880151
-0.02523642
-0.02154223
-0.01853577
-0.01623422
-0.01388408
-0.01047472
-0.005244959
0.002047446
0.01110325
0.02091112
0.02955478
0.03493152
0.03566438
0.03155504
0.02349006
0.0129864
0.001863666
-0.007399259
-0.01205512
-0.01042666
-0.002988264
0.0079779
0.01956375
0.02936399
0.03599044
0.03886689
0.03807016
0.03436698
0.02912639
0.02385052
0.01967442
0.0171007
0.01601005
0.01571302
0.01490262
0.01268122
0.009426823
0.006418851
0.005051454
0.006059938
0.008731279
0.01110261
0.01099587
0.006828817
-0.002047452
-0.01528345
-0.03175913
-0.04984603
-0.06748863
-0.08235595
-0.0924057
-0.09661993
-0.09523693
-0.08921631
-0.07962702
-0.06743549
-0.05353513
-0.03895667
-0.02477717
-0.01181116
-0.000499729
0.008665226
0.01499766
0.01799061
0.01763
0.01444101
0.009308376
0.003199369
-0.00308512
-0.009041153
-0.01418943
-0.0176287
-0.01832102
-0.01561921
-0.009548193
-0.000757452
0.009749209
0.02094636
0.03205106
0.04264413
0.05240835
0.0604892
0.06565729
0.06697114
0.06423658
0.05805889
0.04957172
0.04003315
0.03047199
0.02150524
0.01364787
0.00784539
0.005186073
0.006332952
0.01122216
0.01909489
0.02849902
0.03738576
0.04380577
0.04660224
0.04567929
0.04189351
0.0369178
0.03276491
0.03104154
0.03245748
0.03663745
0.04219098
0.04731995
0.05055707
0.05120129
0.0492771
0.04534774
0.04035143
0.0352746
0.030844
0.02736779
0.02470977
0.02238944
0.01982485
0.01632537
0.0103616
-0.000127224
-0.01587732
-0.03535386
-0.05564919
-0.07374755
-0.08707557
-0.09400587
-0.09450578
-0.09011407
-0.08273159
-0.07312855
-0.06119297
-0.04728364
-0.0325882
-0.01858751
-0.006511013
0.002679274
0.008313071
0.01024502
0.008928142
0.005259766
0.000360623
-0.004624601
-0.008804588
-0.01173821
-0.01349641
-0.01465471
-0.0159606
-0.01759551
-0.01893727
-0.0190179
-0.01706432
-0.01281417
-0.00666624
-4.66E-05
0.004957567
0.006778321
0.005018561
0.000363995
-0.005849731
-0.01186672
-0.0158038
-0.016286
-0.01287792
-0.006092467
0.002776704
0.01156175
0.01773331
0.01940703
0.01598261
0.008185778
-0.001935412
-0.01122636
-0.01659793
-0.0161829
-0.009801078
0.001253925
0.01443122
0.02626189
0.03357339
0.03463344
0.02970667
0.02079782
0.0107235
0.002046838
-0.00368825
-0.006192027
-0.006189669
-0.004918241
-0.003599481
-0.003069791
-0.003670213
-0.005326914
-0.007701166
-0.0103667
-0.01296367
-0.0152887
-0.01731036
-0.01912444
-0.02088098
-0.02271515
-0.02470406
-0.02685543
-0.0291229
-0.03143524
-0.03372636
-0.03597565
-0.03830985
-0.04092854
-0.04358873
-0.0454149
-0.045368
-0.0427656
-0.03753356
-0.03016127
-0.02144842
-0.01216857
-0.003077591
0.004637069
0.009584485
0.01079869
0.008208719
0.003272592
-0.001072747
-0.001711092
0.003373784
0.01449566
0.02999536
0.04648379
0.06023551
0.06862629
0.07062526
0.06632399
0.05657121
0.04271737
0.02628454
0.008684959
-0.008324052
-0.02209237
-0.02997234
-0.03049236
-0.02413898
-0.01337468
-0.001550744
0.008408803
0.01498676
0.01847981
0.02048501
0.02295031
0.02733754
0.03371551
0.04014225
0.04365693
0.04179936
0.03383682
0.02126797
0.007058409
-0.005662827
-0.01471939
-0.01940899
-0.02046976
-0.01960221
-0.01870016
-0.01918498
-0.02167254
-0.02599399
-0.03129295
-0.03578543
-0.0371908
-0.0337406
-0.02485619
-0.01131185
0.004643908
0.0198022
0.03126428
0.03744514
0.0384018
0.03563975
0.03142992
0.02791284
0.02640074
0.0268871
0.02816504
0.0285587
0.02657027
0.02131987
0.01275839
0.00156208
-0.01117788
-0.02397646
-0.03479295
-0.04167932
-0.04356396
-0.04056383
-0.03376721
-0.02472661
-0.01493839
-0.00551705
0.002878318
0.01004263
0.01614822
0.02152806
0.02604595
0.02877962
0.02856716
0.02463405
0.01691467
0.006041775
-0.006914052
-0.02080434
-0.03453147
-0.04638156
-0.05404699
-0.05565474
-0.05058726
-0.03981252
-0.02570359
-0.01112014
0.001612755
0.01130911
0.01798887
0.02247475
0.025737
0.02848955
0.03109106
0.0336044
0.0359231
0.03790324
0.03947598
0.04078833
0.0422045
0.04398628
0.04588432
0.04725445
0.04752839
0.04655727
0.04460819
0.04216495
0.03954743
0.03660461
0.03287421
0.02793726
0.0217332
0.01460244
0.007263628
0.000852508
-0.003460259
-0.004957622
-0.003605406
2.43E-05
0.005020837
0.01024404
0.01411759
0.01500416
0.01179878
0.004242939
-0.007084477
-0.02109434
-0.03643671
-0.05136574
-0.06407188
-0.0733273
-0.07882181
-0.08098339
-0.08061831
-0.07853146
-0.07524245
-0.07098939
-0.06579784
-0.05944802
-0.05160005
-0.04193119
-0.03021336
-0.01655141
-0.001798314
0.01258843
0.02519137
0.03514705
0.04213862
0.04618593
0.04761007
0.04698502
0.04500378
0.04219097
0.03856846
0.03375438
0.02718224
0.01832011
0.007018573
-0.006166769
-0.02012567
-0.0336685
-0.04572467
-0.05493165
-0.05983793
-0.05960051
-0.05444769
-0.04558814
-0.03470832
-0.02340196
-0.01276261
-0.003198393
0.005613723
0.01438077
0.02305823
0.03023528
0.03395464
0.03277946
0.02639494
0.01561828
0.001984963
-0.01277501
-0.02716435
-0.04021517
-0.05125786
-0.0594948
-0.06421804
-0.06506066
-0.06201132
-0.05545558
-0.04612773
-0.03491908
-0.02266678
-0.0100097
0.00267013
0.0151931
0.02741457
0.03917238
0.05034718
0.06091634
0.07092327
0.07998156
0.0868036
0.08980698
0.08796701
0.08115274
0.06977524
0.05450431
0.03625886
0.01643394
-0.003242974
-0.02128257
-0.03687361
-0.04968816
-0.05904347
-0.06395569
-0.0638236
-0.05913674
-0.05158964
-0.0433869
-0.03641663
-0.03171684
-0.02915987
-0.02741357
-0.02463075
-0.0193027
-0.01087814
-0.000408253
0.009627774
0.01653825
0.01855621
0.01534592
0.007863769
-0.002192603
-0.01304229
-0.02331055
-0.03222775
-0.03964278
-0.04587641
-0.05124978
-0.05534471
-0.05712494
-0.0556146
-0.05046584
-0.04216241
-0.03178937
-0.02060338
-0.009648944
0.000361211
0.008980941
0.01605689
0.02173619
0.02638686
0.03045981
0.0343553
0.038337
0.04247349
0.04640458
0.04929661
0.05027794
0.04888856
0.04524694
0.03993727
0.03375943
0.02756137
0.02214558
0.01806802
0.01549617
0.01421819
0.01372276
0.01333051
0.01242727
0.01065508
0.007971663
0.004588502
0.000844807
-0.002814578
-0.005692763
-0.007019079
-0.006290787
-0.003461109
0.001088626
0.006726282
0.01279191
0.01877801
0.02439715
0.02936772
0.03321033
0.03543698
0.03580478
0.03444176
0.03198134
0.02952793
0.02822356
0.02881321
0.03145204
0.03576196
0.04103918
0.0465274
0.05165441
0.0560621
0.05929263
0.06075415
0.06001208
0.05686677
0.05069879
0.0404702
0.02603826
0.008755095
-0.00920045
-0.02577962
-0.03973799
-0.05076932
-0.05887354
-0.06387297
-0.06560011
-0.06417245
-0.06011097
-0.05442382
-0.04844131
-0.04336882
-0.03992494
-0.03822648
-0.03790183
-0.03822013
-0.03771496
-0.03427661
-0.02635119
-0.01396802
0.001422862
0.0177445
0.03270949
0.04382064
0.04909116
0.04778537
0.04058101
0.02919891
0.01579592
0.002314439
-0.009989442
-0.02069611
-0.03003565
-0.03816032
-0.04455072
-0.04834384
-0.04890711
-0.04618417
-0.04075203
-0.03362972
-0.02592477
-0.01851211
-0.01191191
-0.00652626
-0.002753824
-0.000830738
-0.000703839
-0.002039682
-0.004340555
-0.007095614
-0.009902962
-0.01245003
-0.01434886
-0.01523501
-0.01495235
-0.01360349
-0.0114835
-0.00896067
-0.006361192
-0.00389936
-0.001730767
-7.01E-05
0.00086137
0.000949701
0.000340262
-0.000423172
-0.00059722
0.000461908
0.00318115
0.007700162
0.01384253
0.02119053
0.02922796
0.03748761
0.04565076
0.05336279
0.05918964
0.06060083
0.05564806
0.04442588
0.02890711
0.01188009
-0.004156016
-0.01766076
-0.028204
-0.036264
-0.04259515
-0.04740287
-0.05031379
-0.05083929
-0.04890265
-0.04511826
-0.04054767
-0.03625956
-0.03298586
-0.03097968
-0.03006626
-0.02977976
-0.02940004
-0.02810682
-0.02518396
-0.02014646
-0.01288555
-0.003692632
0.006826929
0.0176025
0.02706429
0.03373713
0.0368713
0.03670651
0.03424769
0.03079254
0.02747531
0.02499025
0.02361246
0.02338743
0.02421203
0.02587259
0.02810275
0.03064331
0.03319872
0.03530882
0.0364676
0.03633982
0.03477887
0.03159325
0.02656229
0.01961782
0.01094706
0.001128161
-0.008535158
-0.01633015
-0.02093882
-0.02206245
-0.02042436
-0.01731922
-0.01406755
-0.01160786
-0.01032393
-0.01009453
-0.01048742
-0.01099359
-0.01121719
-0.01096794
-0.01015531
-0.008547992
-0.005822191
-0.001755908
0.00366559
0.0102648
0.01773503
0.02571645
0.03363523
0.04036466
0.04457176
0.04534123
0.04252938
0.03673976
0.02903507
0.02056057
0.01222215
0.004520501
-0.00233089
-0.008086345
-0.01246212
-0.01530306
-0.01668447
-0.01689296
-0.01621695
-0.0146439
-0.01191818
-0.007792535
-0.002215596
0.004618207
0.01221618
0.0192388
0.02350094
0.02299688
0.01695235
0.006159471
-0.00714906
-0.01962262
-0.02800238
-0.03031961
-0.0263765
-0.01748352
-0.005759277
0.0063798
0.01634794
0.02202761
0.02244576
0.01795276
0.009927746
0.000196854
-0.009590905
-0.01838357
-0.02584911
-0.03223848
-0.0379197
-0.04243112
-0.04440942
-0.04242785
-0.0357532
-0.02463169
-0.01012324
0.006305605
0.02283635
0.03697318
0.04622381
0.04910925
0.04560334
0.03685422
0.02461502
0.01068763
-0.003223419
-0.01511326
-0.02302978
-0.02581597
-0.02348003
-0.01705449
-0.008104809
0.001884713
0.01191381
0.02155953
0.03085998
0.04009264
0.04953038
0.0592291
0.06832566
0.07466307
0.0758254
0.07033183
0.05819389
0.04076471
0.02013266
-0.001596711
-0.02284903
-0.04271452
-0.06079153
-0.07703718
-0.0908693
-0.1002839
-0.102806
-0.09688104
-0.08260112
-0.06159601
-0.03637425
-0.00949676
0.01708586
0.0423498
0.06609162
0.08771443
0.1050113
0.115138
0.1161888
0.1080645
0.0924116
0.07191999
0.04941263
0.02709462
0.006216037
-0.01232093
-0.02712769
-0.03675649
-0.04046657
-0.03858099
-0.03234829
-0.02370488
-0.01522443
-0.009451107
-0.008032607
-0.01130704
-0.01844253
-0.02793782
-0.03815216
-0.0474083
-0.05414927
-0.05743817
-0.05742577
-0.05529982
-0.05268294
-0.05097869
-0.05096262
-0.05264338
-0.05528552
-0.05776705
-0.05900323
-0.057905
-0.05347413
-0.04520696
-0.03334062
-0.0189899
-0.003932586
0.01004075
0.02155941
0.02985624
0.03488894
0.03725528
0.03793195
0.03806523
0.03878538
0.04098333
0.04527472
0.05172414
0.05959192
0.06766887
0.0748206
0.08037692
0.08425262
0.08669084
0.08735995
0.08511542
0.0787319
0.06761823
0.05209522
0.03336405
0.01336678
-0.005805541
-0.02250727
-0.03538843
-0.04337442
-0.04606969
-0.0439543
-0.03821424
-0.03037689
-0.02231584
-0.01634287
-0.01450078
-0.01781521
-0.02604912
-0.03768976
-0.04972773
-0.05852099
-0.06129001
-0.05712571
-0.04706236
-0.03342592
-0.01909913
-0.006745743
0.001943875
0.006607384
0.008298716
0.009184634
0.01146717
0.01643319
0.02400329
0.03296393
0.04169534
0.04888028
0.05405227
0.05788369
0.06174674
0.06643614
0.07072353
0.07190912
0.06739858
0.05589594
0.03780178
0.01515173
-0.008937443
-0.031419
-0.05025255
-0.06430703
-0.07285976
-0.07573454
-0.07348442
-0.06729323
-0.05885569
-0.05044628
-0.04436556
-0.04214794
-0.044152
-0.0496326
-0.0571824
-0.06530886
-0.07287911
-0.07925421
-0.0842512
-0.08805365
-0.09097159
-0.09306875
-0.09413802
-0.09390714
-0.09180425
-0.08633182
-0.07561627
-0.05844273
-0.03483813
-0.006017944
0.02610701
0.05946244
0.09105561
0.1160797
0.129676
0.1291392
0.1148655
0.08990118
0.05863711
0.02539252
-0.006332848
-0.03411996
-0.05623384
-0.07092766
-0.07696067
-0.07429539
-0.06422516
-0.04895313
-0.03091567
-0.01215819
0.005975475
0.02219432
0.03443257
0.04053943
0.03932758
0.03105903
0.01725718
2.02E-05
-0.01903461
-0.03914458
-0.05946168
-0.07857923
-0.09501521
-0.1074488
-0.1148335
-0.1167932
-0.1138131
-0.1070688
-0.09804361
-0.08812534
-0.0783691
-0.06942211
-0.0614885
-0.0541359
-0.04611309
-0.03589312
-0.02239587
-0.005378662
0.0145872
0.03643498
0.05908602
0.08168655
0.1028622
0.1204616
0.1325082
0.138109
0.1377292
0.1327411
0.1246719
0.1147853
0.1039447
0.09264137
0.08130547
0.07063181
0.06139115
0.05409656
0.04877947
0.0448977
0.04154759
0.03784306
0.03328521
0.02800091
0.02257943
0.01770875
0.01387036
0.01118121
0.009356156
0.007849165
0.006098283
0.003723671
0.000675101
-0.002572821
-0.005165739
-0.006296486
-0.005556796
-0.003114189
0.00035015
0.003841718
0.006395869
0.007408291
0.00676807
0.004703091
0.001475662
-0.002716915
-0.007716732
-0.01337157
-0.01951857
-0.02597955
-0.0325821
-0.03919003
-0.04568482
-0.05168148
-0.05640343
-0.05904546
-0.05905181
-0.05617088
-0.05053072
-0.04262779
-0.03321061
-0.02321813
-0.01373373
-0.005779776
3.84E-06
0.003532156
0.005218954
0.005779175
0.006073861
0.006926835
0.008888142
0.01201612
0.01546069
0.01761803
0.0169328
0.01267114
0.005281949
-0.00392336
-0.01336425
-0.02156567
-0.02745771
-0.03063679
-0.03136887
-0.0301825
-0.02737601
-0.02302029
-0.01728203
-0.01060236
-0.003571839
0.003273763
0.00950446
0.01457982
0.01790538
0.01911005
0.01821504
0.01561744
0.01203849
0.008548152
0.006259097
0.005841433
0.007294
0.01007984
0.013432
0.01665496
0.01931743
0.02126184
0.02238696
0.02255414
0.02167449
0.01978902
0.01714672
0.01439714
0.01246581
0.01214986
0.01381264
0.01725584
0.02175426
0.02635861
0.03028622
0.03327677
0.0356465
0.03780951
0.03968192
0.04073755
0.0403896
0.03826544
0.0341931
0.02828207
0.021063
0.01332158
0.005832679
-0.00057853
-0.004937459
-0.006507122
-0.005272819
-0.001985322
0.002216222
0.00625506
0.009431438
0.01152904
0.01274031
0.01353638
0.01455246
0.01636832
0.0193047
0.02335459
0.02824585
0.03350989
0.03838631
0.04197454
0.04360807
0.04309483
0.04069819
0.03695059
0.03245447
0.02772103
0.02304864
0.0183734
0.01331549
0.007434051
0.000457401
-0.0075611
-0.01612307
-0.02445399
-0.03181139
-0.03753615
-0.04109068
-0.0422405
-0.04100509
-0.03749137
-0.03191125
-0.02466141
-0.01643879
-0.008125149
-0.000488786
0.006039787
0.01141576
0.01571003
0.01871621
0.02004407
0.01941774
0.01689434
0.01290522
0.008096963
0.003108592
-0.001605445
-0.005881604
-0.009837562
-0.0137416
-0.01786227
-0.02235569
-0.02715168
-0.03192323
-0.03613165
-0.03895746
-0.03955892
-0.03745288
-0.03264681
-0.02556994
-0.01691266
-0.007420561
0.002282474
0.01158438
0.01943665
0.02457099
0.02610017
0.02388775
0.01854218
0.01113597
0.002827485
-0.005458986
-0.01320366
-0.02022871
-0.02619379
-0.03036077
-0.0319819
-0.03079361
-0.02725132
-0.02231634
-0.01705327
-0.01228599
-0.008447638
-0.005656092
-0.003816
-0.002696088
-0.002013555
-0.001513174
-0.001020029
-0.000439376
0.000335491
0.001456412
0.003053719
0.005172881
0.007681404
0.01008331
0.01164864
0.01176048
0.01016237
0.007018205
0.002991002
-0.000704571
-0.002751401
-0.002269408
0.000917945
0.006338561
0.01313994
0.02041045
0.0272485
0.03257654
0.03539455
0.03518409
0.03207682
0.02674207
0.02006946
0.01280383
0.005378714
-0.002067261
-0.009580751
-0.01718324
-0.02469303
-0.0317704
-0.03791964
-0.0425761
-0.04536072
-0.04624788
-0.04551568
-0.04344701
-0.04018055
-0.03580359
-0.03057988
-0.02504372
-0.01980881
-0.01532269
-0.01170408
-0.008758643
-0.006125128
-0.003441375
-0.00046338
0.00284097
0.006180246
0.00905192
0.01100079
0.01180931
0.0115484
0.01050961
0.009077671
0.007652418
0.006700461
0.006674747
0.007843715
0.01020482
0.0135159
0.01740559
0.02150153
0.02552602
0.029247
0.0322706
0.03411291
0.03443913
0.03319551
0.03040168
0.02585314
0.0193533
0.01123645
0.002398205
-0.006109452
-0.01348716
-0.01936844
-0.02361593
-0.02613063
-0.02691361
-0.0261417
-0.02415637
-0.02138682
-0.01834226
-0.01568582
-0.01406952
-0.01389311
-0.01519065
-0.01766913
-0.02071331
-0.02332895
-0.02446018
-0.02341436
-0.02007572
-0.01485699
-0.008480198
-0.001830309
0.003993775
0.007941468
0.009399663
0.0083681
0.005372859
0.001215584
-0.003298678
-0.007432412
-0.01047823
-0.01192776
-0.01163419
-0.009822847
-0.006967658
-0.003610758
-0.000203044
0.002963903
0.005689249
0.007830371
0.009338251
0.01027218
0.01077437
0.01102982
0.01126922
0.01174485
0.0126476
0.01404621
0.01579594
0.01733837
0.01785502
0.01666716
0.01357079
0.008939884
0.003515357
-0.001919155
-0.006796129
-0.01088191
-0.01423586
-0.01695779
-0.01899004
-0.02018886
-0.02046035
-0.01984058
-0.01849744
-0.01667832
-0.01467498
-0.01286265
-0.01162875
-0.01123022
